9.565417e+001	0
9.560351e+001	5
9.550351e+001	6
9.540351e+001	7
9.530351e+001	8
9.520351e+001	9
9.510352e+001	10
9.500352e+001	11
9.490352e+001	12
9.480352e+001	13
9.470352e+001	14
9.460352e+001	15
9.450352e+001	16
9.440353e+001	17
9.430353e+001	18
9.420353e+001	19
9.410353e+001	20
9.400353e+001	21
9.390353e+001	22
9.380354e+001	23
9.370354e+001	24
9.360354e+001	25
9.350354e+001	26
9.340354e+001	27
9.330354e+001	28
9.320354e+001	29
9.310355e+001	30
9.300355e+001	31
9.290355e+001	32
9.280355e+001	33
9.270355e+001	34
9.260355e+001	35
9.250356e+001	36
9.240356e+001	37
9.230356e+001	38
9.220356e+001	39
9.210356e+001	40
9.200356e+001	41
9.190356e+001	42
9.180357e+001	43
9.170357e+001	44
9.160357e+001	45
9.150357e+001	46
9.140357e+001	47
9.130357e+001	48
9.120358e+001	49
9.110358e+001	50
9.100358e+001	51
9.090358e+001	52
9.080358e+001	53
9.070358e+001	54
9.060358e+001	55
9.050359e+001	56
9.040359e+001	57
9.030359e+001	58
9.020359e+001	59
9.010359e+001	60
9.000359e+001	61
8.990359e+001	62
8.980360e+001	63
8.970360e+001	64
8.960360e+001	65
8.950360e+001	66
8.940360e+001	67
8.930360e+001	68
8.920361e+001	69
8.910361e+001	70
8.900361e+001	71
8.890361e+001	72
8.880361e+001	73
8.870361e+001	74
8.860361e+001	75
8.850362e+001	76
8.840362e+001	77
8.830362e+001	78
8.820362e+001	79
8.810362e+001	80
8.800362e+001	81
8.790363e+001	82
8.780363e+001	83
8.770363e+001	84
8.760363e+001	85
8.750363e+001	86
8.740363e+001	87
8.730363e+001	88
8.720364e+001	89
8.710364e+001	90
8.700364e+001	91
8.690364e+001	92
8.680364e+001	93
8.670364e+001	94
8.660365e+001	95
8.650365e+001	96
8.640365e+001	97
8.630365e+001	98
8.620365e+001	99
8.610365e+001	100
8.600365e+001	101
8.590366e+001	102
8.580366e+001	103
8.570366e+001	104
8.560366e+001	105
8.550366e+001	106
8.540366e+001	107
8.530367e+001	108
8.520367e+001	109
8.510367e+001	110
8.500367e+001	111
8.490367e+001	112
8.480367e+001	113
8.470367e+001	114
8.460368e+001	115
8.450368e+001	116
8.440368e+001	117
8.430368e+001	118
8.420368e+001	119
8.410368e+001	120
8.400368e+001	121
8.390369e+001	122
8.380369e+001	123
8.370369e+001	124
8.362811e+001	125
8.352811e+001	126
8.342811e+001	127
8.332811e+001	128
8.322811e+001	129
8.312811e+001	130
8.302811e+001	131
8.292812e+001	132
8.282812e+001	133
8.272812e+001	134
8.262812e+001	135
8.252812e+001	136
8.242812e+001	137
8.232812e+001	138
8.222813e+001	139
8.212813e+001	140
8.202813e+001	141
8.192813e+001	142
8.182813e+001	143
8.172813e+001	144
8.162814e+001	145
8.152814e+001	146
8.142814e+001	147
8.132814e+001	148
8.122814e+001	149
8.112814e+001	150
8.102814e+001	151
8.092815e+001	152
8.082815e+001	153
8.072815e+001	154
8.062815e+001	155
8.052815e+001	156
8.042815e+001	157
8.032816e+001	158
8.022816e+001	159
8.012816e+001	160
8.002816e+001	161
7.992816e+001	162
7.982816e+001	163
7.972816e+001	164
7.962817e+001	165
7.952817e+001	166
7.942817e+001	167
7.932817e+001	168
7.924391e+001	169
7.914835e+001	170
7.904835e+001	171
7.894835e+001	172
7.884835e+001	173
7.874835e+001	174
7.864835e+001	175
7.854836e+001	176
7.844836e+001	177
7.834836e+001	178
7.824836e+001	179
7.814836e+001	180
7.804836e+001	181
7.794836e+001	182
7.784837e+001	183
7.774837e+001	184
7.764837e+001	185
7.754837e+001	186
7.744837e+001	187
7.734837e+001	188
7.724837e+001	189
7.714838e+001	190
7.704838e+001	191
7.694838e+001	192
7.684838e+001	193
7.674838e+001	194
7.664838e+001	195
7.654839e+001	196
7.644839e+001	197
7.634839e+001	198
7.624839e+001	199
7.614839e+001	200
7.604839e+001	201
7.594839e+001	202
7.584840e+001	203
7.574840e+001	204
7.564840e+001	205
7.554840e+001	206
7.544840e+001	207
7.534840e+001	208
7.524841e+001	209
7.514841e+001	210
7.504841e+001	211
7.494841e+001	212
7.484841e+001	213
7.474841e+001	214
7.464841e+001	215
7.454842e+001	216
7.444842e+001	217
7.434842e+001	218
7.424842e+001	219
7.414842e+001	220
7.404842e+001	221
7.394843e+001	222
7.384843e+001	223
7.374843e+001	224
7.365267e+001	225
7.355267e+001	226
7.345267e+001	227
7.335268e+001	228
7.325268e+001	229
7.315268e+001	230
7.305268e+001	231
7.295268e+001	232
7.285268e+001	233
7.275269e+001	234
7.265269e+001	235
7.255269e+001	236
7.245269e+001	237
7.239777e+001	239
7.233025e+001	240
7.223025e+001	241
7.213025e+001	242
7.203025e+001	243
7.193025e+001	244
7.183025e+001	245
7.173026e+001	246
7.163026e+001	247
7.153026e+001	248
7.143026e+001	249
7.133026e+001	250
7.123026e+001	251
7.113026e+001	252
7.103027e+001	253
7.093027e+001	254
7.083027e+001	255
7.073027e+001	256
7.063027e+001	257
7.053027e+001	258
7.043027e+001	259
7.033028e+001	260
7.023028e+001	261
7.013028e+001	262
7.003028e+001	263
6.993028e+001	264
6.986004e+001	265
6.976004e+001	266
6.966004e+001	267
6.956004e+001	268
6.946004e+001	269
6.936005e+001	270
6.926005e+001	271
6.916005e+001	272
6.906005e+001	273
6.896005e+001	274
6.886005e+001	275
6.876006e+001	276
6.866006e+001	277
6.856006e+001	278
6.846006e+001	279
6.836006e+001	280
6.826006e+001	281
6.816006e+001	282
6.808846e+001	284
6.798846e+001	285
6.788847e+001	286
6.778847e+001	287
6.768847e+001	288
6.758847e+001	289
6.748847e+001	290
6.738847e+001	291
6.728848e+001	292
6.718848e+001	293
6.708848e+001	294
6.698848e+001	295
6.688848e+001	296
6.678848e+001	297
6.668848e+001	298
6.661266e+001	299
6.651266e+001	300
6.642027e+001	301
6.638637e+001	302
6.632670e+001	303
6.626296e+001	304
6.617046e+001	305
6.607196e+001	306
6.597196e+001	307
6.587196e+001	308
6.577197e+001	309
6.567197e+001	310
6.557197e+001	311
6.547197e+001	312
6.537197e+001	313
6.527197e+001	314
6.517554e+001	315
6.508707e+001	316
6.499860e+001	317
6.491013e+001	318
6.482166e+001	319
6.473036e+001	320
6.463036e+001	321
6.453036e+001	322
6.443037e+001	323
6.433037e+001	324
6.423037e+001	325
6.413037e+001	326
6.403037e+001	327
6.393037e+001	328
6.383038e+001	329
6.373038e+001	330
6.363038e+001	331
6.353038e+001	332
6.343038e+001	333
6.333038e+001	334
6.323038e+001	335
6.313039e+001	336
6.303039e+001	337
6.293039e+001	338
6.283039e+001	339
6.273039e+001	340
6.263039e+001	341
6.253040e+001	342
6.243040e+001	343
6.233040e+001	344
6.223040e+001	345
6.213040e+001	346
6.203040e+001	347
6.193040e+001	348
6.183041e+001	349
6.173041e+001	350
6.163966e+001	351
6.153966e+001	352
6.143966e+001	353
6.133966e+001	354
6.123966e+001	355
6.113966e+001	356
6.103967e+001	357
6.093967e+001	358
6.083967e+001	359
6.073967e+001	360
6.063967e+001	361
6.053967e+001	362
6.043967e+001	363
6.033968e+001	364
6.023968e+001	365
6.013968e+001	366
6.003968e+001	367
5.993968e+001	368
5.983968e+001	369
5.973969e+001	370
5.963969e+001	371
5.953969e+001	372
5.946603e+001	373
5.936603e+001	374
5.926603e+001	375
5.916603e+001	376
5.906603e+001	377
5.896603e+001	378
5.886604e+001	379
5.876604e+001	380
5.866604e+001	381
5.856604e+001	382
5.846604e+001	383
5.836604e+001	384
5.826604e+001	385
5.816605e+001	386
5.806605e+001	387
5.796605e+001	388
5.786605e+001	389
5.776605e+001	390
5.766605e+001	391
5.756606e+001	392
5.746606e+001	393
5.736606e+001	394
5.726606e+001	395
5.716606e+001	396
5.706606e+001	397
5.696606e+001	398
5.686607e+001	399
5.676607e+001	400
5.666607e+001	401
5.656607e+001	402
5.646607e+001	403
5.636607e+001	404
5.626608e+001	405
5.616608e+001	406
5.606608e+001	407
5.596608e+001	408
5.586608e+001	409
5.576608e+001	410
5.566608e+001	411
5.556609e+001	412
5.546609e+001	413
5.536609e+001	414
5.526609e+001	415
5.516609e+001	416
5.506609e+001	417
5.496609e+001	418
5.486610e+001	419
5.476610e+001	420
5.466610e+001	421
5.456610e+001	422
5.446610e+001	423
5.436610e+001	424
5.426611e+001	425
5.416611e+001	426
5.406611e+001	427
5.396611e+001	428
5.386611e+001	429
5.376611e+001	430
5.366611e+001	431
5.356612e+001	432
5.346612e+001	433
5.336612e+001	434
5.326612e+001	435
5.316612e+001	436
5.306612e+001	437
5.296613e+001	438
5.286613e+001	439
5.276613e+001	440
5.266613e+001	441
5.256613e+001	442
5.246613e+001	443
5.236613e+001	444
5.226614e+001	445
5.216614e+001	446
5.206614e+001	447
5.196614e+001	448
5.186614e+001	449
5.176614e+001	450
5.166615e+001	451
5.156615e+001	452
5.146615e+001	453
5.136615e+001	454
5.126615e+001	455
5.116615e+001	456
5.106615e+001	457
5.096616e+001	458
5.092363e+001	460
5.086424e+001	461
5.076424e+001	462
5.066425e+001	463
5.056425e+001	464
5.052557e+001	465
5.048726e+001	466
5.045921e+001	467
5.044560e+001	468
5.034560e+001	469
5.025171e+001	470
5.015171e+001	471
5.005171e+001	472
4.995171e+001	473
4.985172e+001	474
4.975172e+001	475
4.965172e+001	476
4.955172e+001	477
4.945172e+001	478
4.935172e+001	479
4.925172e+001	480
4.915173e+001	481
4.905173e+001	482
4.895173e+001	483
4.885173e+001	484
4.876562e+001	485
4.866563e+001	486
4.856563e+001	487
4.846563e+001	488
4.836563e+001	489
4.826563e+001	490
4.816563e+001	491
4.806564e+001	492
4.796564e+001	493
4.787247e+001	494
4.779801e+001	495
4.769801e+001	496
4.759801e+001	497
4.749802e+001	498
4.739802e+001	499
4.729802e+001	500
4.719802e+001	501
4.709802e+001	502
4.699802e+001	503
4.689803e+001	504
4.679803e+001	505
4.669803e+001	506
4.659803e+001	507
4.649803e+001	508
4.639803e+001	509
4.629803e+001	510
4.619804e+001	511
4.609804e+001	512
4.599804e+001	513
4.589804e+001	514
4.579804e+001	515
4.569804e+001	516
4.559805e+001	517
4.549805e+001	518
4.539805e+001	519
4.529805e+001	520
4.519805e+001	521
4.509805e+001	522
4.499805e+001	523
4.489806e+001	524
4.479806e+001	525
4.469806e+001	526
4.459806e+001	527
4.449806e+001	528
4.439806e+001	529
4.429807e+001	530
4.419807e+001	531
4.409807e+001	532
4.399807e+001	533
4.389807e+001	534
4.379807e+001	535
4.369807e+001	536
4.359808e+001	537
4.349808e+001	538
4.339808e+001	539
4.329808e+001	540
4.319808e+001	541
4.309808e+001	542
4.299809e+001	543
4.289809e+001	544
4.279809e+001	545
4.269809e+001	546
4.259809e+001	547
4.249809e+001	548
4.239809e+001	549
4.229810e+001	550
4.219810e+001	551
4.209810e+001	552
4.199810e+001	553
4.189810e+001	554
4.179810e+001	555
4.172144e+001	556
4.163568e+001	557
4.159496e+001	558
4.149496e+001	559
4.139496e+001	560
4.129496e+001	561
4.119497e+001	562
4.109497e+001	563
4.099497e+001	564
4.089497e+001	565
4.079497e+001	566
4.069497e+001	567
4.059497e+001	568
4.049498e+001	569
4.039498e+001	570
4.029498e+001	571
4.019498e+001	572
4.009636e+001	573
3.999636e+001	574
3.989637e+001	575
3.979637e+001	576
3.969637e+001	577
3.959637e+001	578
3.949637e+001	579
3.939637e+001	580
3.929638e+001	581
3.919638e+001	582
3.909638e+001	583
3.899638e+001	584
3.890617e+001	585
3.880618e+001	586
3.870618e+001	587
3.860618e+001	588
3.850618e+001	589
3.840618e+001	590
3.830618e+001	591
3.820618e+001	592
3.810619e+001	593
3.800619e+001	594
3.790619e+001	595
3.780619e+001	596
3.770619e+001	597
3.760619e+001	598
3.750620e+001	599
3.740620e+001	600
3.730620e+001	601
3.720620e+001	602
3.710620e+001	603
3.700620e+001	604
3.690620e+001	605
3.680621e+001	606
3.670621e+001	607
3.660621e+001	608
3.650621e+001	609
3.640621e+001	610
3.630621e+001	611
3.620621e+001	612
3.610622e+001	613
3.600622e+001	614
3.590622e+001	615
3.580622e+001	616
3.570622e+001	617
3.560622e+001	618
3.550623e+001	619
3.540623e+001	620
3.530623e+001	621
3.520623e+001	622
3.510623e+001	623
3.500623e+001	624
3.490623e+001	625
3.488725e+001	626
3.478725e+001	627
3.468726e+001	628
3.458726e+001	629
3.448726e+001	630
3.438726e+001	631
3.428726e+001	632
3.418726e+001	633
3.408727e+001	634
3.398727e+001	635
3.388727e+001	636
3.378727e+001	637
3.368727e+001	638
3.358727e+001	639
3.348727e+001	640
3.338728e+001	641
3.328728e+001	642
3.318728e+001	643
3.308728e+001	644
3.298728e+001	645
3.288728e+001	646
3.278728e+001	647
3.268729e+001	648
3.258729e+001	649
3.248729e+001	650
3.238729e+001	651
3.228729e+001	652
3.218729e+001	653
3.208730e+001	654
3.198730e+001	655
3.188729e+001	656
3.178729e+001	657
3.168729e+001	658
3.158729e+001	659
3.148729e+001	660
3.138729e+001	661
3.128729e+001	662
3.118729e+001	663
3.108729e+001	664
3.098729e+001	665
3.088729e+001	666
3.078729e+001	667
3.068729e+001	668
3.064658e+001	669
3.054658e+001	670
3.044658e+001	671
3.034658e+001	672
3.024658e+001	673
3.014658e+001	674
3.004658e+001	675
2.994658e+001	676
2.984658e+001	677
2.974658e+001	678
2.964658e+001	679
2.954658e+001	680
2.944658e+001	681
2.934658e+001	682
2.924658e+001	683
2.914658e+001	684
2.904658e+001	685
2.894658e+001	686
2.892198e+001	688
2.887785e+001	689
2.885171e+001	690
2.883526e+001	691
2.883399e+001	692
2.874750e+001	693
2.864750e+001	694
2.856390e+001	695
2.849276e+001	696
2.841505e+001	697
2.832549e+001	698
2.826144e+001	699
2.822028e+001	700
2.812028e+001	701
2.804177e+001	702
2.795868e+001	703
2.787678e+001	704
2.777977e+001	705
2.768420e+001	706
2.758420e+001	707
2.748420e+001	708
2.740147e+001	709
2.733654e+001	710
2.723654e+001	711
2.713654e+001	712
2.703654e+001	713
2.693654e+001	714
2.683654e+001	715
2.673654e+001	716
2.663654e+001	717
2.653654e+001	718
2.643654e+001	719
2.633654e+001	720
2.623654e+001	721
2.613654e+001	722
2.603654e+001	723
2.593653e+001	724
2.583653e+001	725
2.573653e+001	726
2.563653e+001	727
2.553653e+001	728
2.543653e+001	729
2.533653e+001	730
2.523653e+001	731
2.513653e+001	732
2.503653e+001	733
2.493653e+001	734
2.483653e+001	735
2.473653e+001	736
2.463653e+001	737
2.453653e+001	738
2.443653e+001	739
2.433653e+001	740
2.423653e+001	741
2.413653e+001	742
2.403653e+001	743
2.393653e+001	744
2.383653e+001	745
2.373653e+001	746
2.365046e+001	747
2.360336e+001	748
2.351058e+001	749
2.341247e+001	750
2.331247e+001	751
2.321247e+001	752
2.312998e+001	753
2.310798e+001	754
2.300943e+001	755
2.292406e+001	756
2.283710e+001	757
2.278181e+001	758
2.268181e+001	759
2.259644e+001	760
2.249644e+001	761
2.239644e+001	762
2.229644e+001	763
2.219644e+001	764
2.212151e+001	765
2.204812e+001	766
2.194812e+001	767
2.184812e+001	768
2.174812e+001	769
2.164812e+001	770
2.154811e+001	771
2.144811e+001	772
2.139047e+001	773
2.130519e+001	774
2.122613e+001	775
2.116682e+001	776
2.110751e+001	777
2.101974e+001	778
2.093239e+001	779
2.088911e+001	780
2.080290e+001	781
2.073100e+001	782
2.066004e+001	783
2.060097e+001	784
2.053886e+001	785
2.046196e+001	786
2.039125e+001	787
2.031358e+001	788
2.025899e+001	789
2.016242e+001	790
2.006941e+001	791
2.000808e+001	792
1.992303e+001	793
1.982963e+001	794
1.974416e+001	795
1.967040e+001	796
1.959052e+001	797
1.949052e+001	798
1.939997e+001	799
1.934265e+001	800
1.924265e+001	801
1.916272e+001	802
1.908435e+001	803
1.900392e+001	804
1.892271e+001	805
1.882271e+001	806
1.873497e+001	807
1.866402e+001	808
1.859185e+001	809
1.850576e+001	810
1.841065e+001	811
1.834318e+001	812
1.826552e+001	813
1.816552e+001	814
1.806552e+001	815
1.796552e+001	816
1.786552e+001	817
1.778592e+001	818
1.769839e+001	819
1.760753e+001	820
1.752034e+001	821
1.744356e+001	822
1.734356e+001	823
1.724356e+001	824
1.714355e+001	825
1.704355e+001	826
1.694355e+001	827
1.689179e+001	828
1.682293e+001	829
1.674824e+001	830
1.664824e+001	831
1.654824e+001	832
1.644824e+001	833
1.634824e+001	834
1.624824e+001	835
1.618761e+001	836
1.608761e+001	837
1.599865e+001	838
1.589865e+001	839
1.581009e+001	840
1.571868e+001	841
1.562886e+001	842
1.554984e+001	843
1.545051e+001	844
1.537168e+001	845
1.529659e+001	846
1.522525e+001	847
1.515421e+001	848
1.507292e+001	849
1.497888e+001	850
1.489227e+001	851
1.480448e+001	852
1.473208e+001	853
1.464117e+001	854
1.454117e+001	855
1.444117e+001	856
1.434117e+001	857
1.427320e+001	858
1.419133e+001	859
1.409912e+001	860
1.399911e+001	861
1.390032e+001	862
1.382574e+001	863
1.375080e+001	864
1.365972e+001	865
1.356247e+001	866
1.348201e+001	867
1.338694e+001	868
1.330676e+001	869
1.323836e+001	870
1.313975e+001	871
1.306834e+001	872
1.296834e+001	873
1.288103e+001	874
1.282448e+001	875
1.272448e+001	876
1.263425e+001	877
1.254270e+001	878
1.245542e+001	879
1.235773e+001	880
1.227581e+001	881
1.217938e+001	882
1.208569e+001	883
1.198569e+001	884
1.192929e+001	885
1.182929e+001	886
1.172929e+001	887
1.167976e+001	888
1.158764e+001	889
1.151474e+001	890
1.141474e+001	891
1.134334e+001	892
1.128175e+001	893
1.119962e+001	894
1.112818e+001	895
1.105643e+001	896
1.096495e+001	897
1.090485e+001	898
1.082659e+001	899
1.076282e+001	900
1.067069e+001	901
1.059169e+001	902
1.052605e+001	903
1.046695e+001	904
1.040647e+001	905
1.036060e+001	906
1.032407e+001	907
1.027977e+001	908
1.022084e+001	909
1.020405e+001	910
1.014765e+001	911
1.007006e+001	912
9.991455e+000	913
9.935230e+000	914
9.858710e+000	915
9.807400e+000	916
9.747392e+000	917
9.663828e+000	918
9.633808e+000	919
9.579301e+000	920
9.519574e+000	921
9.471730e+000	922
9.425476e+000	923
9.350498e+000	924
9.276636e+000	925
9.250715e+000	926
9.219971e+000	927
9.172479e+000	928
9.081815e+000	929
9.025405e+000	930
8.969157e+000	931
8.929750e+000	932
8.882694e+000	933
8.826120e+000	934
8.795974e+000	935
8.738384e+000	936
8.705365e+000	937
8.666954e+000	938
8.627084e+000	939
8.574258e+000	940
8.540413e+000	941
8.489576e+000	942
8.462056e+000	943
8.420474e+000	944
8.407386e+000	946
8.391720e+000	947
8.374487e+000	948
8.337412e+000	949
8.325470e+000	950
8.293629e+000	951
8.287220e+000	952
8.259295e+000	953
8.245833e+000	955
8.230521e+000	956
8.225032e+000	958
8.197639e+000	959
8.183483e+000	960
8.167953e+000	961
8.116054e+000	962
8.111886e+000	963
8.075396e+000	964
8.064594e+000	965
8.024222e+000	966
8.002898e+000	967
7.987865e+000	968
7.958191e+000	969
7.939357e+000	970
7.892397e+000	971
7.875486e+000	972
7.842668e+000	974
7.813317e+000	975
7.771809e+000	976
7.768731e+000	977
7.752304e+000	978
7.747877e+000	979
7.745144e+000	980
7.721978e+000	981
7.669249e+000	982
7.664500e+000	983
7.624100e+000	984
7.587516e+000	985
7.554324e+000	986
7.508326e+000	987
7.475580e+000	988
7.451344e+000	989
7.420496e+000	990
7.391944e+000	991
7.354468e+000	992
7.335349e+000	993
7.242572e+000	994
7.213847e+000	995
7.195877e+000	997
7.184512e+000	998
7.162427e+000	999
7.150773e+000	1000
7.133984e+000	1001
7.117343e+000	1002
7.099903e+000	1004
7.096007e+000	1005
7.073106e+000	1006
7.057498e+000	1007
7.034611e+000	1008
7.014590e+000	1009
7.005196e+000	1010
6.996025e+000	1011
6.987744e+000	1012
6.980643e+000	1013
6.973692e+000	1014
6.952041e+000	1015
6.922218e+000	1016
6.917722e+000	1019
6.912381e+000	1021
6.897614e+000	1022
6.886952e+000	1023
6.864004e+000	1024
6.821567e+000	1025
6.815501e+000	1026
6.794567e+000	1027
6.761322e+000	1028
6.740448e+000	1029
6.728671e+000	1030
6.710091e+000	1031
6.699578e+000	1033
6.681222e+000	1035
6.670818e+000	1036
6.663877e+000	1072
6.658489e+000	1090
6.648863e+000	1094
6.630049e+000	1097
6.625000e+000	1098
6.624742e+000	1102
6.618106e+000	1105
6.616337e+000	1107
6.607136e+000	1110
6.605486e+000	1112
6.602376e+000	1113
6.585146e+000	1114
6.559187e+000	1115
6.536152e+000	1117
6.534152e+000	1118
6.508552e+000	1119
6.493079e+000	1120
6.480992e+000	1121
6.466589e+000	1122
6.457547e+000	1123
6.434088e+000	1126
6.430971e+000	1127
6.391359e+000	1128
6.389176e+000	1129
6.388489e+000	1135
6.351206e+000	1136
6.351197e+000	1139
6.345800e+000	1141
6.331645e+000	1144
6.328668e+000	1146
6.310956e+000	1147
6.309977e+000	1149
6.294480e+000	1152
6.290175e+000	1153
6.281737e+000	1154
6.276147e+000	1157
6.270463e+000	1159
6.263625e+000	1161
6.248446e+000	1162
6.236110e+000	1165
6.232582e+000	1169
6.231329e+000	1173
6.223500e+000	1178
6.217214e+000	1184
6.210087e+000	1190
6.208540e+000	1191
6.203852e+000	1193
6.196606e+000	1195
6.192881e+000	1202
6.187689e+000	1207
6.182002e+000	1214
6.169375e+000	1215
6.155627e+000	1217
6.150705e+000	1221
6.140738e+000	1223
6.136810e+000	1224
6.128981e+000	1227
6.118218e+000	1228
6.108201e+000	1229
6.085385e+000	1239
6.083177e+000	1242
6.077117e+000	1243
6.076708e+000	1244
6.069060e+000	1246
6.066368e+000	1252
6.053711e+000	1254
6.050090e+000	1258
6.047236e+000	1260
6.044323e+000	1287
6.035367e+000	1288
6.023787e+000	1289
6.022656e+000	1290
6.019825e+000	1292
6.017176e+000	1294
6.012475e+000	1295
6.008894e+000	1296
6.002477e+000	1301
6.001888e+000	1302
5.990548e+000	1306
5.987083e+000	1327
5.985538e+000	1353
5.984803e+000	1361
5.980621e+000	1369
5.977898e+000	1372
5.968846e+000	1378
5.968524e+000	1385
5.961585e+000	1386
5.950044e+000	1387
5.949632e+000	1388
5.943653e+000	1389
5.935446e+000	1398
5.933925e+000	1400
5.933677e+000	1412
5.932075e+000	1418
5.931878e+000	1420
5.925089e+000	1422
5.918501e+000	1427
5.907063e+000	1429
5.905578e+000	1430
5.905409e+000	1431
5.889918e+000	1432
5.887716e+000	1444
5.887318e+000	1445
5.881679e+000	1446
5.859963e+000	1447
5.846138e+000	1457
5.845727e+000	1462
5.843364e+000	1463
5.843280e+000	1466
5.842424e+000	1467
5.839685e+000	1469
5.832352e+000	1471
5.821561e+000	1472
5.814351e+000	1473
5.809461e+000	1474
5.795838e+000	1475
5.788427e+000	1479
5.784876e+000	1498
5.782041e+000	1501
5.781552e+000	1502
5.761462e+000	1504
5.752242e+000	1510
5.752089e+000	1515
5.751719e+000	1517
5.749177e+000	1518
5.745390e+000	1519
5.739300e+000	1520
5.737026e+000	1521
5.735101e+000	1527
5.733738e+000	1530
5.724775e+000	1531
5.720037e+000	1541
5.716680e+000	1542
5.711834e+000	1543
5.709766e+000	1544
5.708428e+000	1548
5.685354e+000	1549
5.671017e+000	1550
5.669271e+000	1554
5.667254e+000	1559
5.646489e+000	1560
5.640672e+000	1564
5.638071e+000	1565
5.636032e+000	1568
5.633085e+000	1570
5.626467e+000	1579
5.626242e+000	1596
5.622511e+000	1601
5.615716e+000	1606
5.615617e+000	1609
5.615275e+000	1611
5.610326e+000	1612
5.607276e+000	1614
5.605179e+000	1615
5.580853e+000	1617
5.577024e+000	1619
5.575146e+000	1622
5.566885e+000	1623
5.565784e+000	1626
5.562762e+000	1630
5.561413e+000	1632
5.555093e+000	1636
5.547608e+000	1637
5.539247e+000	1639
5.536312e+000	1643
5.525009e+000	1650
5.523174e+000	1652
5.494036e+000	1653
5.492642e+000	1666
5.488931e+000	1672
5.485246e+000	1684
5.480512e+000	1687
5.474013e+000	1691
5.450160e+000	1692
5.440636e+000	1697
5.435441e+000	1699
5.431381e+000	1704
5.420599e+000	1705
5.420565e+000	1711
5.416901e+000	1716
5.411628e+000	1720
5.395203e+000	1721
5.392991e+000	1725
5.385603e+000	1727
5.373946e+000	1728
5.372613e+000	1733
5.366253e+000	1738
5.364017e+000	1739
5.363816e+000	1740
5.363484e+000	1744
5.355086e+000	1745
5.348430e+000	1754
5.341002e+000	1760
5.340913e+000	1763
5.339302e+000	1766
5.338251e+000	1769
5.333505e+000	1774
5.323478e+000	1775
5.316184e+000	1776
5.314965e+000	1779
5.305634e+000	1781
5.300297e+000	1791
5.296414e+000	1792
5.284925e+000	1798
5.276742e+000	1807
5.270646e+000	1809
5.269578e+000	1812
5.269417e+000	1826
5.267166e+000	1828
5.265322e+000	1843
5.257454e+000	1854
5.255988e+000	1859
5.250664e+000	1860
5.244999e+000	1864
5.244302e+000	1867
5.238414e+000	1874
5.231940e+000	1879
5.223557e+000	1880
5.213095e+000	1881
5.204498e+000	1887
5.200914e+000	1897
5.200695e+000	1898
5.196276e+000	1899
5.192865e+000	1902
5.188563e+000	1903
5.184891e+000	1904
5.180844e+000	1905
5.159785e+000	1909
5.133156e+000	1912
5.126488e+000	1919
5.123892e+000	1920
5.123859e+000	1924
5.111223e+000	1926
5.109460e+000	1927
5.105604e+000	1928
5.102480e+000	1930
5.097915e+000	1935
5.086248e+000	1939
5.072860e+000	1948
5.067262e+000	1950
5.057681e+000	1961
5.053235e+000	1997
5.051686e+000	2008
5.050934e+000	2011
5.036908e+000	2015
5.036903e+000	2022
5.033645e+000	2024
5.022518e+000	2025
5.021023e+000	2026
5.005141e+000	2027
5.002930e+000	2028
5.001231e+000	2030
4.999257e+000	2032
4.997141e+000	2034
4.986872e+000	2039
4.986266e+000	2047
4.985703e+000	2055
4.976243e+000	2061
4.973015e+000	2072
4.954810e+000	2102
4.948202e+000	2104
4.947182e+000	2244
4.947146e+000	2256
4.945761e+000	2261
4.944987e+000	2263
4.943054e+000	2267
4.941135e+000	2274
4.936341e+000	2275
4.934964e+000	2297
4.921622e+000	2314
4.918304e+000	2315
4.914901e+000	2322
4.914772e+000	2324
4.909155e+000	2327
4.903805e+000	2332
4.900797e+000	2335
4.898187e+000	2336
4.896871e+000	2341
4.891449e+000	2347
4.884229e+000	2350
4.880232e+000	2357
4.876558e+000	2358
4.874890e+000	2359
4.874650e+000	2360
4.872799e+000	2363
4.858476e+000	2369
4.847029e+000	2374
4.838719e+000	2410
4.837201e+000	2439
4.828020e+000	2446
4.827390e+000	2448
4.818195e+000	2453
4.814731e+000	2454
4.814354e+000	2455
4.810457e+000	2458
4.806852e+000	2461
4.796805e+000	2462
4.795206e+000	2464
4.783945e+000	2465
4.763853e+000	2466
4.762892e+000	2473
4.761004e+000	2501
4.761003e+000	2506
4.736002e+000	2507
4.730419e+000	2595
4.729672e+000	2600
4.723347e+000	2601
4.708656e+000	2602
4.703473e+000	2613
4.702467e+000	2618
4.700770e+000	2620
4.695286e+000	2621
4.692659e+000	2622
4.689734e+000	2625
4.682168e+000	2629
4.678861e+000	2630
4.675139e+000	2632
4.665078e+000	2633
4.638068e+000	2635
4.637986e+000	2660
4.624664e+000	2667
4.622137e+000	2669
4.620761e+000	2677
4.619524e+000	2698
4.617111e+000	2702
4.608445e+000	2716
4.603040e+000	2718
4.593063e+000	2724
4.583464e+000	2725
4.570347e+000	2728
4.566423e+000	2743
4.564369e+000	2771
4.560503e+000	2773
4.559736e+000	2775
4.549954e+000	2776
4.546177e+000	2814
4.537081e+000	2815
4.522164e+000	2819
4.518810e+000	2821
4.514309e+000	2827
4.508981e+000	2830
4.506200e+000	2834
4.504696e+000	2835
4.500984e+000	2836
4.483168e+000	2838
4.482756e+000	2850
4.478394e+000	2866
4.474566e+000	2883
4.468845e+000	2892
4.461602e+000	2900
4.459731e+000	2923
4.443009e+000	2924
4.429447e+000	2927
4.417212e+000	2950
4.417090e+000	2958
4.399475e+000	2963
4.396888e+000	2964
4.391280e+000	2994
4.388169e+000	3036
4.387008e+000	3063
4.372529e+000	3065
4.364688e+000	3069
4.363623e+000	3082
4.352882e+000	3083
4.349599e+000	3091
4.334203e+000	3093
4.327703e+000	3097
4.323956e+000	3099
4.322477e+000	3101
4.321781e+000	3104
4.306692e+000	3111
4.300375e+000	3119
4.297216e+000	3123
4.289280e+000	3126
4.284576e+000	3132
4.282985e+000	3156
4.281337e+000	3162
4.280945e+000	3177
4.280292e+000	3194
4.276254e+000	3199
4.273695e+000	3206
4.263422e+000	3208
4.257945e+000	3212
4.255288e+000	3216
4.255130e+000	3217
4.238954e+000	3221
4.236247e+000	3248
4.232692e+000	3251
4.226986e+000	3261
4.224587e+000	3282
4.200806e+000	3304
4.200760e+000	3316
4.190655e+000	3320
4.181345e+000	3323
4.180624e+000	3325
4.173208e+000	3329
4.160176e+000	3333
4.149626e+000	3336
4.149418e+000	3388
4.145335e+000	3389
4.134191e+000	3392
4.129452e+000	3402
4.129400e+000	3424
4.121999e+000	3425
4.115562e+000	3428
4.114021e+000	3429
4.103044e+000	3434
4.088129e+000	3435
4.086524e+000	3437
4.084740e+000	3569
4.082673e+000	3583
4.066440e+000	3589
4.062906e+000	3606
4.055581e+000	3610
4.049616e+000	3626
4.045463e+000	3640
4.041579e+000	3643
4.037699e+000	3648
4.015894e+000	3649
4.014033e+000	3661
4.010815e+000	3666
4.007794e+000	3667
4.003042e+000	3671
3.998616e+000	3672
3.978687e+000	3673
3.974563e+000	3683
3.970361e+000	3684
3.965462e+000	3691
3.944965e+000	3692
3.943542e+000	3700
3.942339e+000	3858
3.941374e+000	3886
3.925942e+000	3895
3.917682e+000	3899
3.911810e+000	4029
3.905421e+000	4043
3.901141e+000	4062
3.898976e+000	4085
3.876336e+000	4090
3.875791e+000	4330
3.874643e+000	4333
3.863191e+000	4347
3.849295e+000	4363
3.839066e+000	4379
3.835130e+000	4387
3.834987e+000	4401
3.832602e+000	4402
3.823088e+000	4409
3.821472e+000	4430
3.819069e+000	4434
3.817077e+000	4464
3.816658e+000	4471
3.813212e+000	4472
3.809325e+000	4473
3.805288e+000	4474
3.793647e+000	4475
3.792667e+000	4476
3.790653e+000	4479
3.788498e+000	4504
3.782640e+000	4505
3.778605e+000	4506
3.776102e+000	4507
3.766846e+000	4513
3.763148e+000	4515
3.755006e+000	4517
3.751733e+000	4539
3.749290e+000	4540
3.733330e+000	4541
3.724952e+000	4545
3.714129e+000	4555
3.709158e+000	4559
3.703514e+000	4593
3.703358e+000	4609
3.703352e+000	4610
3.700262e+000	4612
3.699488e+000	4615
3.696675e+000	4620
3.693884e+000	4624
3.691469e+000	4705
3.684854e+000	4711
3.672813e+000	4721
3.668999e+000	4766
3.668050e+000	4769
3.659963e+000	4784
3.657744e+000	4799
3.650370e+000	4800
3.642985e+000	4804
3.639958e+000	4805
3.626014e+000	4810
3.625105e+000	4826
3.617250e+000	4827
3.616079e+000	4828
3.606680e+000	4831
3.605820e+000	4844
3.591943e+000	4849
3.591934e+000	4851
3.584155e+000	4853
3.581332e+000	4857
3.578080e+000	4859
3.573823e+000	4860
3.557185e+000	4861
3.550402e+000	4875
3.533466e+000	4877
3.521320e+000	4902
3.519607e+000	4903
3.519097e+000	4944
3.518469e+000	4951
3.514028e+000	4955
3.511685e+000	4956
3.504325e+000	4960
3.502178e+000	4961
3.485671e+000	4964
3.479333e+000	4974
3.478863e+000	5012
3.477736e+000	5030
3.469484e+000	5038
3.465518e+000	5039
3.464234e+000	5046
3.460998e+000	5049
3.452915e+000	5052
3.445726e+000	5070
3.441808e+000	5077
3.434410e+000	5078
3.418196e+000	5082
3.416658e+000	5228
3.414857e+000	5234
3.409939e+000	5259
3.405749e+000	5274
3.405740e+000	5368
3.402962e+000	5409
3.390347e+000	5413
3.387289e+000	5420
3.375232e+000	5424
3.357624e+000	5433
3.349080e+000	6171
3.341848e+000	6214
3.337677e+000	6223
3.337030e+000	6230
3.323594e+000	6242
3.319398e+000	6265
3.311324e+000	6271
3.299515e+000	6272
3.299330e+000	6290
3.297189e+000	6292
3.292406e+000	6316
3.288297e+000	6317
3.282850e+000	6322
3.274422e+000	6325
3.253379e+000	6345
3.252518e+000	6382
3.242230e+000	6391
3.241246e+000	6501
3.235114e+000	6502
3.233048e+000	6523
3.227879e+000	6528
3.216569e+000	6529
3.213676e+000	6537
3.211448e+000	6543
3.200342e+000	6544
3.199570e+000	6546
3.197865e+000	6571
3.186855e+000	6576
3.181103e+000	6581
3.180802e+000	6636
3.179739e+000	6643
3.176090e+000	6664
3.175765e+000	6689
3.174069e+000	6698
3.167045e+000	6701
3.139241e+000	6705
3.139127e+000	6926
3.132392e+000	6935
3.124038e+000	6963
3.121845e+000	6978
3.119400e+000	6984
3.117482e+000	6997
3.117232e+000	6998
3.113207e+000	7001
3.111808e+000	7002
3.102566e+000	7005
3.098332e+000	7006
3.094594e+000	7009
3.090054e+000	7010
3.073517e+000	7012
3.068908e+000	7017
3.065928e+000	7072
3.063977e+000	7079
3.060630e+000	7093
3.058111e+000	7108
3.049968e+000	7138
3.028380e+000	7141
3.025166e+000	7264
3.024080e+000	7282
3.020139e+000	7293
3.010392e+000	7298
3.010121e+000	7330
3.007689e+000	7338
2.994900e+000	7353
2.993320e+000	7487
2.993156e+000	7489
2.986701e+000	7495
2.983823e+000	7497
2.981267e+000	7510
2.979294e+000	7521
2.976931e+000	7536
2.970932e+000	7537
2.968533e+000	7542
2.968172e+000	7544
2.965676e+000	7546
2.948806e+000	7549
2.947967e+000	7557
2.944427e+000	7558
2.940758e+000	7559
2.938744e+000	7562
2.931184e+000	7568
2.930089e+000	7581
2.919035e+000	7600
2.915798e+000	7604
2.909334e+000	7610
2.901206e+000	7627
2.897310e+000	7643
2.890112e+000	7644
2.885966e+000	7648
2.872232e+000	7649
2.869988e+000	7655
2.860294e+000	7656
2.858571e+000	7682
2.853190e+000	7686
2.850885e+000	7687
2.849372e+000	7688
2.848684e+000	7695
2.844795e+000	7696
2.838859e+000	7700
2.835844e+000	7701
2.835399e+000	7703
2.827901e+000	7709
2.809902e+000	7716
2.797735e+000	7729
2.786601e+000	7735
2.786163e+000	7760
2.784379e+000	7761
2.783477e+000	7779
2.781342e+000	7780
2.781065e+000	7836
2.779727e+000	7850
2.775103e+000	7851
2.766664e+000	7852
2.760722e+000	7856
2.754939e+000	7857
2.753939e+000	7858
2.735898e+000	7859
2.732439e+000	7891
2.731657e+000	8039
2.727912e+000	8048
2.719668e+000	8052
2.716193e+000	8105
2.712817e+000	8289
2.706555e+000	8317
2.704164e+000	8318
2.701683e+000	8421
2.698273e+000	8715
2.697553e+000	8730
2.697265e+000	8731
2.695027e+000	8735
2.686609e+000	8778
2.684445e+000	8858
2.682302e+000	8880
2.651606e+000	8881
2.650868e+000	8944
2.645874e+000	8979
2.639799e+000	9105
2.633844e+000	9136
2.632656e+000	9153
2.622504e+000	9155
2.621701e+000	9158
2.613652e+000	9159
2.605079e+000	9165
2.599065e+000	9169
2.589311e+000	9179
2.586099e+000	9205
2.583982e+000	9212
2.583687e+000	9216
2.579392e+000	9237
2.579234e+000	9244
2.575229e+000	9247
2.574306e+000	9251
2.562353e+000	9252
2.562265e+000	9253
2.556012e+000	9257
2.550596e+000	9262
2.547956e+000	9275
2.544816e+000	9283
2.529930e+000	9291
2.527930e+000	9299
2.518299e+000	9308
2.512864e+000	9309
2.508133e+000	9333
2.504049e+000	9369
2.495869e+000	9388
2.488896e+000	9473
2.485909e+000	9486
2.485713e+000	9487
2.479768e+000	9490
2.478932e+000	9496
2.475525e+000	9501
2.469141e+000	9574
2.464446e+000	9579
2.461630e+000	9599
2.456216e+000	9623
2.450073e+000	9675
2.449713e+000	9700
2.448956e+000	9708
2.447187e+000	9710
2.438482e+000	9713
2.419608e+000	9725
2.418767e+000	9932
2.400648e+000	10482
2.396448e+000	12047
2.392744e+000	12264
2.386049e+000	12277
2.383335e+000	12284
2.376456e+000	12294
2.376235e+000	12304
2.376126e+000	12312
2.373192e+000	12326
2.368917e+000	12329
2.366719e+000	12330
2.363197e+000	12335
2.359853e+000	12336
2.358789e+000	12350
2.349367e+000	12357
2.341013e+000	12364
2.337270e+000	12368
2.333164e+000	12372
2.325247e+000	12373
2.324458e+000	12386
2.321455e+000	12418
2.321077e+000	12550
2.315883e+000	12560
2.311918e+000	12562
2.300302e+000	12566
2.296781e+000	12838
2.292207e+000	12883
2.287409e+000	12937
2.284399e+000	12941
2.280065e+000	12960
2.279873e+000	12963
2.277564e+000	12968
2.276372e+000	12980
2.274036e+000	13096
2.268780e+000	13117
2.265737e+000	13132
2.261183e+000	13149
2.257422e+000	13153
2.256298e+000	13158
2.255725e+000	13162
2.247333e+000	13183
2.244105e+000	13339
2.243004e+000	13390
2.234798e+000	13410
2.234130e+000	13423
2.233548e+000	13431
2.232396e+000	13439
2.228895e+000	13441
2.221145e+000	13446
2.221100e+000	13452
2.217249e+000	13545
2.207478e+000	13551
2.198986e+000	13557
2.192008e+000	13572
2.189178e+000	13640
2.183601e+000	13673
2.179110e+000	13717
2.178250e+000	13761
2.176079e+000	13779
2.170565e+000	13793
2.168530e+000	13799
2.153612e+000	13813
2.153500e+000	13962
2.132640e+000	13977
2.128549e+000	13986
2.123333e+000	14005
2.123029e+000	14076
2.121579e+000	14092
2.118862e+000	14107
2.118267e+000	14122
2.114119e+000	14131
2.109713e+000	14138
2.109617e+000	14141
2.101618e+000	14143
2.092253e+000	14154
2.090331e+000	14272
2.087543e+000	14426
2.085890e+000	14546
2.078763e+000	14547
2.061851e+000	14591
2.060663e+000	14606
2.058610e+000	14636
2.058046e+000	14637
2.054184e+000	14645
2.052349e+000	14658
2.046474e+000	14659
2.045825e+000	14679
2.033779e+000	14690
2.033283e+000	14698
2.033262e+000	14705
2.032860e+000	14707
2.030291e+000	14712
2.019342e+000	14713
2.010818e+000	14714
2.008098e+000	14715
2.003484e+000	14726
2.002369e+000	14791
2.002305e+000	14792
1.996773e+000	14839
1.996474e+000	14859
1.988132e+000	14866
1.973265e+000	14880
1.965902e+000	15150
1.962295e+000	15221
1.961075e+000	15352
1.959929e+000	15369
1.959509e+000	15377
1.954769e+000	15391
1.933754e+000	15416
1.932355e+000	15478
1.932124e+000	15486
1.922581e+000	15488
1.917088e+000	15494
1.915608e+000	15498
1.909324e+000	15500
1.907074e+000	15540
1.892504e+000	15552
1.889477e+000	15558
1.889260e+000	15581
1.888553e+000	15590
1.883425e+000	15591
1.878988e+000	15592
1.866338e+000	15599
1.865353e+000	15614
1.860471e+000	15624
1.857924e+000	15626
1.856975e+000	15640
1.854596e+000	15641
1.850140e+000	15651
1.848125e+000	15663
1.839043e+000	15675
1.832671e+000	15708
1.828229e+000	15710
1.822962e+000	15714
1.817234e+000	15754
1.810211e+000	15774
1.804086e+000	15778
1.789506e+000	15779
1.778106e+000	15798
1.772875e+000	15853
1.772436e+000	15894
1.771670e+000	15936
1.769697e+000	15947
1.763275e+000	16021
1.762092e+000	16088
1.760228e+000	16091
1.749760e+000	16107
1.749753e+000	16117
1.748894e+000	16129
1.744681e+000	16137
1.727303e+000	16151
1.723256e+000	16154
1.709752e+000	16196
1.703172e+000	16207
1.688093e+000	16242
1.684401e+000	16555
1.682715e+000	16560
1.682013e+000	16561
1.677391e+000	16562
1.657058e+000	16565
1.651903e+000	16575
1.649552e+000	16595
1.628006e+000	16598
1.627021e+000	16655
1.622418e+000	16674
1.620679e+000	16753
1.607621e+000	16801
1.603475e+000	16966
1.602468e+000	17239
1.599930e+000	17255
1.597260e+000	17278
1.595125e+000	17287
1.593084e+000	17303
1.590201e+000	17304
1.585630e+000	17309
1.577288e+000	17312
1.575842e+000	17313
1.574101e+000	17316
1.571200e+000	17328
1.567759e+000	17333
1.566291e+000	17345
1.564127e+000	17358
1.552762e+000	17362
1.545293e+000	17365
1.535202e+000	17369
1.532200e+000	17374
1.531145e+000	17379
1.521025e+000	17450
1.520283e+000	17529
1.514422e+000	17564
1.514278e+000	17816
1.506998e+000	17861
1.504906e+000	17864
1.502606e+000	17870
1.498362e+000	17887
1.490515e+000	17956
1.484962e+000	18110
1.477879e+000	18121
1.468474e+000	18235
1.462332e+000	18345
1.459503e+000	18362
1.452418e+000	18366
1.442755e+000	18392
1.436435e+000	18598
1.431288e+000	18730
1.430819e+000	18797
1.429219e+000	18805
1.427515e+000	18883
1.424847e+000	18943
1.423895e+000	18948
1.420287e+000	18966
1.417456e+000	18975
1.412075e+000	18978
1.411210e+000	18979
1.410820e+000	18990
1.408543e+000	18991
1.396151e+000	18995
1.394982e+000	18996
1.393067e+000	19005
1.367212e+000	19008
1.363802e+000	19020
1.361129e+000	19179
1.353942e+000	19272
1.353126e+000	19280
1.348700e+000	19384
1.348553e+000	19393
1.342829e+000	19398
1.338721e+000	19403
1.338504e+000	19407
1.337179e+000	19416
1.334192e+000	19424
1.332561e+000	19430
1.328181e+000	19441
1.324987e+000	19443
1.319431e+000	19463
1.319343e+000	19464
1.312409e+000	19468
1.311712e+000	19469
1.311235e+000	19477
1.308263e+000	19481
1.304796e+000	19484
1.293638e+000	19541
1.292171e+000	19614
1.277545e+000	19651
1.274632e+000	19659
1.267040e+000	19660
1.264858e+000	19679
1.262691e+000	19697
1.255565e+000	19704
1.250193e+000	19726
1.246572e+000	19746
1.246162e+000	19756
1.244241e+000	19815
1.243236e+000	19818
1.241034e+000	19827
1.240279e+000	19828
1.231097e+000	19836
1.223203e+000	19850
1.210728e+000	19865
1.209729e+000	19939
1.206408e+000	19943
1.198586e+000	19994
1.195327e+000	20003
1.189494e+000	20009
1.183648e+000	20147
1.183098e+000	20158
1.182528e+000	20167
1.173051e+000	20177
1.170022e+000	20298
1.169980e+000	20325
1.157807e+000	20328
1.156892e+000	20333
1.151485e+000	20339
1.147624e+000	20356
1.143263e+000	20399
1.142459e+000	20409
1.139417e+000	20417
1.138928e+000	20418
1.135577e+000	20419
1.130793e+000	20441
1.128563e+000	20449
1.126712e+000	20458
1.123986e+000	20462
1.116402e+000	20468
1.116145e+000	20500
1.115317e+000	20503
1.110502e+000	20531
1.109316e+000	20534
1.104615e+000	20539
1.103086e+000	20541
1.099746e+000	20556
1.097785e+000	20560
1.095059e+000	20568
1.089260e+000	20569
1.086208e+000	20574
1.075473e+000	20579
1.074372e+000	20616
1.072519e+000	20617
1.064905e+000	20635
1.062354e+000	20645
1.059393e+000	20648
1.046678e+000	20649
1.044946e+000	20663
1.041005e+000	20668
1.038412e+000	20669
1.037065e+000	20681
1.029220e+000	20684
1.027144e+000	20693
1.025603e+000	20744
1.010002e+000	20751
1.003333e+000	20970
9.904905e-001	20971
9.893749e-001	21065
9.826865e-001	21091
9.675395e-001	21101
9.666232e-001	21174
9.659492e-001	21181
9.596939e-001	21196
9.565011e-001	21207
9.521511e-001	21217
9.390455e-001	21230
9.333865e-001	21379
9.294379e-001	21404
9.225330e-001	21429
9.220660e-001	21471
9.161090e-001	21476
9.160356e-001	21530
9.050161e-001	21628
9.009666e-001	21645
8.990778e-001	21654
8.980824e-001	21659
8.914643e-001	21692
8.842099e-001	21698
8.824943e-001	21699
8.793676e-001	21702
8.789883e-001	21703
8.768408e-001	21705
8.726560e-001	21770
8.598912e-001	21771
8.583409e-001	21955
8.579937e-001	22167
8.548842e-001	22200
8.539831e-001	22238
8.424857e-001	22250
8.354701e-001	22259
8.311400e-001	22268
8.269899e-001	22281
8.211733e-001	22282
8.209693e-001	22285
8.144556e-001	22302
8.113787e-001	22380
7.959068e-001	22435
7.954038e-001	22487
7.950746e-001	22564
7.914745e-001	22590
7.900540e-001	22609
7.866315e-001	22613
7.754026e-001	22628
7.748806e-001	23251
7.720404e-001	23265
7.671465e-001	23271
7.593610e-001	23294
7.589403e-001	23298
7.581252e-001	23496
7.569723e-001	23498
7.448869e-001	23507
7.272121e-001	23525
7.223891e-001	23651
7.198600e-001	23867
7.175005e-001	23905
7.148714e-001	23980
7.134436e-001	23983
7.013158e-001	23986
6.982836e-001	23996
6.934106e-001	24057
6.916766e-001	24726
6.742312e-001	24755
6.625528e-001	24820
6.444521e-001	24824
6.359683e-001	24825
6.318808e-001	24899
6.299440e-001	25170
6.245481e-001	25177
6.201910e-001	25249
6.200391e-001	25255
6.158797e-001	25276
6.115196e-001	25291
6.089776e-001	25297
6.085007e-001	25348
6.080580e-001	25352
5.960266e-001	25356
5.848428e-001	25418
5.812061e-001	25452
5.783990e-001	25491
5.637036e-001	25499
5.622442e-001	25509
5.604399e-001	25523
5.601471e-001	25565
5.540890e-001	25631
5.522482e-001	25641
5.387958e-001	25665
5.334453e-001	25733
5.303632e-001	25857
5.285835e-001	25923
5.154803e-001	25933
5.103930e-001	25960
5.017461e-001	25965
5.001346e-001	25995
4.891382e-001	26000
4.806512e-001	26019
4.806512e-001	26025
4.797395e-001	26076
4.656638e-001	26085
4.655014e-001	26620
4.561071e-001	26628
4.541877e-001	26670
4.536111e-001	26677
4.527195e-001	26695
4.514742e-001	26698
4.295657e-001	26702
4.272944e-001	26706
4.207846e-001	26720
4.181392e-001	26736
4.157498e-001	26757
4.141549e-001	26758
4.135729e-001	26760
4.116465e-001	26762
4.056716e-001	26775
3.831174e-001	26788
3.810425e-001	26828
3.762031e-001	26842
3.713808e-001	26875
3.665608e-001	26904
3.595604e-001	27224
3.530920e-001	27251
3.479027e-001	27996
3.438417e-001	27997
3.373081e-001	28022
3.336727e-001	28024
3.333120e-001	28061
3.307262e-001	28065
3.300894e-001	28148
3.297763e-001	28165
3.282210e-001	28169
3.243832e-001	28173
3.200068e-001	28191
3.115935e-001	28195
2.986412e-001	28199
2.952529e-001	28201
2.939598e-001	28211
2.861081e-001	28229
2.820904e-001	28263
2.802365e-001	28264
2.797046e-001	28478
2.756904e-001	28590
2.657746e-001	28615
2.594990e-001	28722
2.581668e-001	28812
2.498298e-001	28889
2.496484e-001	28894
2.459681e-001	28897
2.442430e-001	28920
2.406992e-001	28950
2.339334e-001	29087
2.330992e-001	29202
2.293505e-001	29264
2.284686e-001	29274
2.273368e-001	29279
2.259918e-001	29286
2.142733e-001	29293
2.113213e-001	29326
2.097706e-001	29331
2.085065e-001	29370
2.057973e-001	29373
2.026559e-001	29406
1.971349e-001	29469
1.954134e-001	29480
1.930341e-001	29487
1.906422e-001	29507
1.894391e-001	29508
1.850163e-001	29513
1.826634e-001	29539
1.718901e-001	29824
1.710398e-001	29921
1.669573e-001	31236
1.659832e-001	31899
1.584939e-001	32353
1.582079e-001	32495
1.486709e-001	34910
1.472937e-001	35721
1.415538e-001	39032
1.406386e-001	39033
1.358871e-001	40911
1.351452e-001	45617
1.340414e-001	46138
1.334932e-001	47510
1.286225e-001	48017
1.221170e-001	58773
1.198643e-001	71479
1.152439e-001	89981
1.136494e-001	388471
1.136494e-001	500000
