9.432966e+001	0
9.425317e+001	3
9.415317e+001	4
9.405317e+001	5
9.395317e+001	6
9.385317e+001	7
9.375317e+001	8
9.365318e+001	9
9.355318e+001	10
9.345318e+001	11
9.335318e+001	12
9.325318e+001	13
9.315318e+001	14
9.305318e+001	15
9.295319e+001	16
9.285319e+001	17
9.275319e+001	18
9.265319e+001	19
9.255319e+001	20
9.245319e+001	21
9.235320e+001	22
9.225320e+001	23
9.215320e+001	24
9.205320e+001	25
9.195320e+001	26
9.185320e+001	27
9.175320e+001	28
9.165321e+001	29
9.155321e+001	30
9.145321e+001	31
9.135321e+001	32
9.125321e+001	33
9.115321e+001	34
9.105322e+001	35
9.095322e+001	36
9.085322e+001	37
9.075322e+001	38
9.065322e+001	39
9.055322e+001	40
9.045322e+001	41
9.035323e+001	42
9.025323e+001	43
9.015323e+001	44
9.005323e+001	45
8.995323e+001	46
8.985323e+001	47
8.975323e+001	48
8.965324e+001	49
8.955324e+001	50
8.945324e+001	51
8.935324e+001	52
8.925324e+001	53
8.915324e+001	54
8.905325e+001	55
8.895325e+001	56
8.885325e+001	57
8.875325e+001	58
8.865325e+001	59
8.855325e+001	60
8.845325e+001	61
8.835326e+001	62
8.825326e+001	63
8.815326e+001	64
8.805326e+001	65
8.795326e+001	66
8.785326e+001	67
8.775327e+001	68
8.765327e+001	69
8.755327e+001	70
8.745327e+001	71
8.735327e+001	72
8.725327e+001	73
8.715327e+001	74
8.705328e+001	75
8.695328e+001	76
8.685328e+001	77
8.675328e+001	78
8.665328e+001	79
8.655328e+001	80
8.645329e+001	81
8.635329e+001	82
8.625329e+001	83
8.615329e+001	84
8.605329e+001	85
8.595329e+001	86
8.585329e+001	87
8.575330e+001	88
8.565330e+001	89
8.555330e+001	90
8.545330e+001	91
8.535330e+001	92
8.525330e+001	93
8.515331e+001	94
8.512980e+001	95
8.502980e+001	96
8.494827e+001	97
8.484827e+001	98
8.474828e+001	99
8.464828e+001	100
8.454828e+001	101
8.444828e+001	102
8.434828e+001	103
8.424828e+001	104
8.414828e+001	105
8.404829e+001	106
8.394829e+001	107
8.384829e+001	108
8.374829e+001	109
8.364829e+001	110
8.354829e+001	111
8.344830e+001	112
8.334830e+001	113
8.324830e+001	114
8.314830e+001	115
8.304830e+001	116
8.294830e+001	117
8.284830e+001	118
8.274831e+001	119
8.264831e+001	120
8.254831e+001	121
8.244831e+001	122
8.234831e+001	123
8.224831e+001	124
8.214832e+001	125
8.204832e+001	126
8.194832e+001	127
8.184832e+001	128
8.174832e+001	129
8.164832e+001	130
8.154832e+001	131
8.144833e+001	132
8.134833e+001	133
8.124833e+001	134
8.114833e+001	135
8.104833e+001	136
8.094833e+001	137
8.084834e+001	138
8.074834e+001	139
8.064834e+001	140
8.054834e+001	141
8.044834e+001	142
8.034834e+001	143
8.024834e+001	144
8.014835e+001	145
8.004835e+001	146
7.994835e+001	147
7.984835e+001	148
7.974835e+001	149
7.964835e+001	150
7.954836e+001	151
7.944836e+001	152
7.934836e+001	153
7.924836e+001	154
7.914836e+001	155
7.904836e+001	156
7.894836e+001	157
7.884837e+001	158
7.874837e+001	159
7.864837e+001	160
7.854837e+001	161
7.844837e+001	162
7.834837e+001	163
7.824837e+001	164
7.814838e+001	165
7.804838e+001	166
7.794838e+001	167
7.784838e+001	168
7.774838e+001	169
7.764838e+001	170
7.754839e+001	171
7.744839e+001	172
7.734839e+001	173
7.724839e+001	174
7.714839e+001	175
7.704839e+001	176
7.694839e+001	177
7.684840e+001	178
7.674840e+001	179
7.664840e+001	180
7.654840e+001	181
7.644840e+001	182
7.634840e+001	183
7.624841e+001	184
7.614841e+001	185
7.604841e+001	186
7.594841e+001	187
7.584841e+001	188
7.574841e+001	189
7.564841e+001	190
7.554842e+001	191
7.544842e+001	192
7.534842e+001	193
7.524842e+001	194
7.514842e+001	195
7.504842e+001	196
7.494843e+001	197
7.484843e+001	198
7.474843e+001	199
7.464843e+001	200
7.454843e+001	201
7.444843e+001	202
7.434843e+001	203
7.424844e+001	204
7.414844e+001	205
7.404844e+001	206
7.394844e+001	207
7.392204e+001	209
7.382204e+001	210
7.372205e+001	211
7.362205e+001	212
7.352205e+001	213
7.342205e+001	214
7.332205e+001	215
7.322205e+001	216
7.312206e+001	217
7.302206e+001	218
7.292206e+001	219
7.282206e+001	220
7.272206e+001	221
7.262206e+001	222
7.252206e+001	223
7.242207e+001	224
7.232207e+001	225
7.222207e+001	226
7.212207e+001	227
7.202281e+001	228
7.192281e+001	229
7.182281e+001	230
7.172282e+001	231
7.163124e+001	232
7.153993e+001	233
7.145070e+001	234
7.136531e+001	235
7.127740e+001	236
7.119218e+001	237
7.110822e+001	238
7.102425e+001	239
7.093931e+001	240
7.085520e+001	241
7.077013e+001	242
7.068505e+001	243
7.059679e+001	244
7.050233e+001	245
7.040233e+001	246
7.030233e+001	247
7.020233e+001	248
7.010233e+001	249
7.000233e+001	250
6.990234e+001	251
6.980234e+001	252
6.970234e+001	253
6.960234e+001	254
6.950234e+001	255
6.940234e+001	256
6.930235e+001	257
6.920235e+001	258
6.910235e+001	259
6.900235e+001	260
6.890235e+001	261
6.880235e+001	262
6.870235e+001	263
6.860236e+001	264
6.850236e+001	265
6.840236e+001	266
6.830236e+001	267
6.820236e+001	268
6.810236e+001	269
6.800237e+001	270
6.790336e+001	271
6.781424e+001	272
6.771424e+001	273
6.761424e+001	274
6.751424e+001	275
6.741425e+001	276
6.732625e+001	277
6.722625e+001	278
6.712625e+001	279
6.702625e+001	280
6.692625e+001	281
6.682626e+001	282
6.672626e+001	283
6.662626e+001	284
6.652626e+001	285
6.642626e+001	286
6.632626e+001	287
6.622626e+001	288
6.612627e+001	289
6.602627e+001	290
6.592627e+001	291
6.582627e+001	292
6.572627e+001	293
6.562627e+001	294
6.552628e+001	295
6.542628e+001	296
6.532628e+001	297
6.522628e+001	298
6.512628e+001	299
6.502628e+001	300
6.492628e+001	301
6.482629e+001	302
6.472629e+001	303
6.462629e+001	304
6.452629e+001	305
6.442629e+001	306
6.432629e+001	307
6.422630e+001	308
6.412630e+001	309
6.402630e+001	310
6.392630e+001	311
6.382630e+001	312
6.372630e+001	313
6.363960e+001	315
6.353960e+001	316
6.343960e+001	317
6.333960e+001	318
6.323960e+001	319
6.313960e+001	320
6.303960e+001	321
6.293961e+001	322
6.283961e+001	323
6.273961e+001	324
6.263961e+001	325
6.253961e+001	326
6.243961e+001	327
6.233961e+001	328
6.223962e+001	329
6.213962e+001	330
6.203962e+001	331
6.193962e+001	332
6.183962e+001	333
6.173962e+001	334
6.163963e+001	335
6.153963e+001	336
6.143963e+001	337
6.133963e+001	338
6.123963e+001	339
6.113963e+001	340
6.103963e+001	341
6.093964e+001	342
6.083964e+001	343
6.073964e+001	344
6.063964e+001	345
6.053964e+001	346
6.043964e+001	347
6.033965e+001	348
6.023965e+001	349
6.013965e+001	350
6.003965e+001	351
5.993965e+001	352
5.983965e+001	353
5.973965e+001	354
5.963966e+001	355
5.953966e+001	356
5.943966e+001	357
5.933966e+001	358
5.923966e+001	359
5.913966e+001	360
5.903967e+001	361
5.896574e+001	362
5.888239e+001	363
5.878239e+001	364
5.868240e+001	365
5.858240e+001	366
5.848240e+001	367
5.838240e+001	368
5.828240e+001	369
5.818240e+001	370
5.808241e+001	371
5.798241e+001	372
5.788241e+001	373
5.778241e+001	374
5.768241e+001	375
5.758241e+001	376
5.748241e+001	377
5.738242e+001	378
5.728242e+001	379
5.718242e+001	380
5.708242e+001	381
5.698242e+001	382
5.688242e+001	383
5.686848e+001	384
5.676848e+001	385
5.666848e+001	386
5.656849e+001	387
5.646849e+001	388
5.636849e+001	389
5.626849e+001	390
5.616849e+001	391
5.606849e+001	392
5.596849e+001	393
5.586850e+001	394
5.576850e+001	395
5.566850e+001	396
5.556850e+001	397
5.546850e+001	398
5.536850e+001	399
5.526851e+001	400
5.516851e+001	401
5.506851e+001	402
5.496851e+001	403
5.486851e+001	404
5.476851e+001	405
5.466851e+001	406
5.456852e+001	407
5.446852e+001	408
5.436852e+001	409
5.426852e+001	410
5.416852e+001	411
5.406852e+001	412
5.396852e+001	413
5.386853e+001	414
5.376853e+001	415
5.366853e+001	416
5.356853e+001	417
5.346853e+001	418
5.336853e+001	419
5.326854e+001	420
5.316854e+001	421
5.306854e+001	422
5.296854e+001	423
5.286854e+001	424
5.276854e+001	425
5.266854e+001	426
5.256855e+001	427
5.246855e+001	428
5.236855e+001	429
5.226855e+001	430
5.216855e+001	431
5.206855e+001	432
5.196856e+001	433
5.186856e+001	434
5.176856e+001	435
5.166856e+001	436
5.156856e+001	437
5.146856e+001	438
5.136856e+001	439
5.127060e+001	440
5.123149e+001	442
5.116797e+001	443
5.110048e+001	444
5.100048e+001	445
5.090049e+001	446
5.080049e+001	447
5.070049e+001	448
5.060049e+001	449
5.050049e+001	450
5.040049e+001	451
5.030050e+001	452
5.020050e+001	453
5.010050e+001	454
5.000050e+001	455
4.990050e+001	456
4.980050e+001	457
4.970050e+001	458
4.960051e+001	459
4.950051e+001	460
4.940051e+001	461
4.930051e+001	462
4.924812e+001	463
4.922353e+001	464
4.916526e+001	466
4.915025e+001	468
4.906297e+001	469
4.896297e+001	470
4.886298e+001	471
4.876298e+001	472
4.866298e+001	473
4.856298e+001	474
4.846558e+001	475
4.837112e+001	476
4.827665e+001	477
4.818218e+001	478
4.808772e+001	479
4.799325e+001	480
4.789878e+001	481
4.780431e+001	482
4.770985e+001	483
4.761538e+001	484
4.752091e+001	485
4.742645e+001	486
4.733198e+001	487
4.723751e+001	488
4.714006e+001	489
4.704007e+001	490
4.694007e+001	491
4.684007e+001	492
4.674007e+001	493
4.664007e+001	494
4.654007e+001	495
4.644007e+001	496
4.634008e+001	497
4.624008e+001	498
4.614008e+001	499
4.604008e+001	500
4.594008e+001	501
4.584008e+001	502
4.574009e+001	503
4.564009e+001	504
4.554009e+001	505
4.544009e+001	506
4.534009e+001	507
4.524009e+001	508
4.514009e+001	509
4.504010e+001	510
4.494010e+001	511
4.484010e+001	512
4.474010e+001	513
4.464010e+001	514
4.454010e+001	515
4.444011e+001	516
4.434011e+001	517
4.424011e+001	518
4.414011e+001	519
4.404011e+001	520
4.394011e+001	521
4.384011e+001	522
4.374012e+001	523
4.364012e+001	524
4.354012e+001	525
4.344012e+001	526
4.334012e+001	527
4.324012e+001	528
4.314013e+001	529
4.304013e+001	530
4.294013e+001	531
4.284013e+001	532
4.274013e+001	533
4.264013e+001	534
4.254013e+001	535
4.244014e+001	536
4.234014e+001	537
4.224014e+001	538
4.214014e+001	539
4.204014e+001	540
4.194014e+001	541
4.184015e+001	542
4.179028e+001	543
4.173413e+001	544
4.164690e+001	545
4.160459e+001	546
4.153808e+001	547
4.143808e+001	548
4.133808e+001	549
4.123808e+001	550
4.113808e+001	551
4.103809e+001	552
4.093809e+001	553
4.083809e+001	554
4.074610e+001	555
4.065765e+001	556
4.055832e+001	557
4.045832e+001	558
4.035832e+001	559
4.025832e+001	560
4.015832e+001	561
4.005832e+001	562
3.995832e+001	563
3.985833e+001	564
3.975833e+001	565
3.965833e+001	566
3.955833e+001	567
3.945833e+001	568
3.935833e+001	569
3.925834e+001	570
3.915834e+001	571
3.905834e+001	572
3.895834e+001	573
3.885834e+001	574
3.875834e+001	575
3.865834e+001	576
3.855835e+001	577
3.845835e+001	578
3.835835e+001	579
3.825835e+001	580
3.815835e+001	581
3.805835e+001	582
3.795835e+001	583
3.785836e+001	584
3.775836e+001	585
3.765836e+001	586
3.755836e+001	587
3.745836e+001	588
3.735836e+001	589
3.725837e+001	590
3.717493e+001	591
3.707493e+001	592
3.699076e+001	593
3.689076e+001	594
3.679076e+001	595
3.669315e+001	596
3.659921e+001	597
3.650527e+001	598
3.641133e+001	599
3.631507e+001	600
3.621507e+001	601
3.611507e+001	602
3.601507e+001	603
3.591639e+001	604
3.581740e+001	605
3.571740e+001	606
3.561740e+001	607
3.551740e+001	608
3.541740e+001	609
3.531741e+001	610
3.521741e+001	611
3.511904e+001	612
3.501904e+001	613
3.495235e+001	614
3.485236e+001	615
3.475236e+001	616
3.465236e+001	617
3.455236e+001	618
3.445236e+001	619
3.435236e+001	620
3.425237e+001	621
3.415237e+001	622
3.405237e+001	623
3.395237e+001	624
3.385237e+001	625
3.375237e+001	626
3.365237e+001	627
3.355238e+001	628
3.345238e+001	629
3.335238e+001	630
3.325238e+001	631
3.315238e+001	632
3.305238e+001	633
3.295238e+001	634
3.285239e+001	635
3.275239e+001	636
3.265239e+001	637
3.255239e+001	638
3.247180e+001	639
3.237180e+001	640
3.227180e+001	641
3.217181e+001	642
3.215525e+001	644
3.208925e+001	645
3.200963e+001	646
3.196173e+001	647
3.188530e+001	648
3.179432e+001	649
3.169431e+001	650
3.159431e+001	651
3.149431e+001	652
3.141356e+001	653
3.133797e+001	654
3.123797e+001	655
3.113797e+001	656
3.103797e+001	657
3.093797e+001	658
3.083797e+001	659
3.073796e+001	660
3.063796e+001	661
3.053796e+001	662
3.043796e+001	663
3.033796e+001	664
3.023796e+001	665
3.013796e+001	666
3.003796e+001	667
2.993796e+001	668
2.983796e+001	669
2.973796e+001	670
2.963796e+001	671
2.953796e+001	672
2.943796e+001	673
2.933796e+001	674
2.923796e+001	675
2.913796e+001	676
2.903796e+001	677
2.893796e+001	678
2.883796e+001	679
2.873796e+001	680
2.863796e+001	681
2.853796e+001	682
2.843796e+001	683
2.833796e+001	684
2.823796e+001	685
2.813795e+001	686
2.803795e+001	687
2.793795e+001	688
2.783795e+001	689
2.773795e+001	690
2.763795e+001	691
2.753795e+001	692
2.743795e+001	693
2.733795e+001	694
2.723795e+001	695
2.713795e+001	696
2.703795e+001	697
2.693795e+001	698
2.683795e+001	699
2.673795e+001	700
2.663795e+001	701
2.653795e+001	702
2.643795e+001	703
2.633795e+001	704
2.623795e+001	705
2.613795e+001	706
2.603795e+001	707
2.593795e+001	708
2.583795e+001	709
2.573795e+001	710
2.563795e+001	711
2.553794e+001	712
2.543794e+001	713
2.533794e+001	714
2.523794e+001	715
2.513794e+001	716
2.503794e+001	717
2.493794e+001	718
2.483794e+001	719
2.473794e+001	720
2.463794e+001	721
2.453794e+001	722
2.443794e+001	723
2.442014e+001	725
2.437725e+001	726
2.437284e+001	727
2.432753e+001	728
2.423011e+001	729
2.415964e+001	730
2.408564e+001	731
2.400095e+001	732
2.390095e+001	733
2.381091e+001	734
2.372603e+001	735
2.363663e+001	736
2.353663e+001	737
2.343663e+001	738
2.333663e+001	739
2.323663e+001	740
2.313663e+001	741
2.303662e+001	742
2.293662e+001	743
2.283662e+001	744
2.273718e+001	745
2.264308e+001	746
2.255165e+001	747
2.253506e+001	748
2.243506e+001	749
2.234596e+001	750
2.224916e+001	751
2.214915e+001	752
2.205579e+001	753
2.197887e+001	754
2.189367e+001	755
2.179367e+001	756
2.169367e+001	757
2.159391e+001	758
2.149391e+001	759
2.139391e+001	760
2.131033e+001	761
2.122401e+001	762
2.112401e+001	763
2.102401e+001	764
2.092401e+001	765
2.082401e+001	766
2.072401e+001	767
2.062401e+001	768
2.052401e+001	769
2.042401e+001	770
2.032401e+001	771
2.022401e+001	772
2.012401e+001	773
2.007252e+001	774
1.997252e+001	775
1.987252e+001	776
1.978985e+001	777
1.972807e+001	778
1.965253e+001	779
1.957359e+001	780
1.952264e+001	781
1.946221e+001	782
1.941558e+001	783
1.934356e+001	784
1.924501e+001	785
1.917877e+001	786
1.910067e+001	787
1.900067e+001	788
1.892842e+001	789
1.884511e+001	790
1.878032e+001	791
1.868162e+001	792
1.860472e+001	793
1.854488e+001	794
1.849703e+001	795
1.844554e+001	796
1.834637e+001	797
1.832145e+001	798
1.826271e+001	799
1.822793e+001	800
1.814512e+001	801
1.804512e+001	802
1.794512e+001	803
1.786046e+001	804
1.777371e+001	805
1.770426e+001	806
1.767001e+001	807
1.757503e+001	808
1.747503e+001	809
1.737503e+001	810
1.727503e+001	811
1.717503e+001	812
1.707503e+001	813
1.697503e+001	814
1.687503e+001	815
1.683452e+001	816
1.673452e+001	817
1.663452e+001	818
1.653452e+001	819
1.643452e+001	820
1.633452e+001	821
1.623452e+001	822
1.617220e+001	823
1.612838e+001	824
1.602913e+001	825
1.596800e+001	826
1.591492e+001	827
1.584634e+001	828
1.574634e+001	829
1.564634e+001	830
1.554634e+001	831
1.544633e+001	832
1.534633e+001	833
1.528023e+001	834
1.518023e+001	835
1.508022e+001	836
1.498022e+001	837
1.488022e+001	838
1.478022e+001	839
1.468022e+001	840
1.458022e+001	841
1.448022e+001	842
1.438022e+001	843
1.428022e+001	844
1.418022e+001	845
1.408022e+001	846
1.398022e+001	847
1.388022e+001	848
1.378755e+001	849
1.371788e+001	850
1.361788e+001	851
1.351788e+001	852
1.341788e+001	853
1.331788e+001	854
1.321788e+001	855
1.311788e+001	856
1.301788e+001	857
1.291788e+001	858
1.281788e+001	859
1.271788e+001	860
1.261788e+001	861
1.251788e+001	862
1.241788e+001	863
1.231788e+001	864
1.221788e+001	865
1.211788e+001	866
1.201788e+001	867
1.191788e+001	868
1.181788e+001	869
1.171788e+001	870
1.161788e+001	871
1.151787e+001	872
1.146106e+001	873
1.136106e+001	874
1.126106e+001	875
1.116106e+001	876
1.106106e+001	877
1.096105e+001	878
1.086137e+001	879
1.076137e+001	880
1.069486e+001	881
1.063359e+001	882
1.054238e+001	883
1.045037e+001	884
1.036353e+001	885
1.027512e+001	886
1.020813e+001	887
1.012580e+001	888
1.007416e+001	889
9.990178e+000	890
9.898920e+000	891
9.838260e+000	892
9.770838e+000	893
9.717753e+000	894
9.656623e+000	895
9.593043e+000	896
9.520411e+000	897
9.453825e+000	898
9.361300e+000	899
9.290755e+000	900
9.207490e+000	901
9.166904e+000	902
9.076954e+000	903
8.994816e+000	904
8.918509e+000	905
8.847328e+000	906
8.772811e+000	907
8.715260e+000	908
8.645675e+000	909
8.586149e+000	910
8.535554e+000	911
8.470551e+000	912
8.398983e+000	913
8.323074e+000	914
8.255081e+000	915
8.175464e+000	916
8.125464e+000	917
8.054013e+000	918
7.975150e+000	919
7.915582e+000	920
7.867202e+000	921
7.786383e+000	922
7.726940e+000	923
7.672764e+000	924
7.598549e+000	925
7.555630e+000	926
7.550584e+000	927
7.477422e+000	928
7.421560e+000	929
7.383379e+000	930
7.321680e+000	931
7.277009e+000	932
7.205042e+000	933
7.133828e+000	934
7.068522e+000	935
6.995727e+000	936
6.922269e+000	937
6.854836e+000	938
6.806086e+000	939
6.749329e+000	940
6.653466e+000	941
6.598235e+000	942
6.562024e+000	943
6.523346e+000	944
6.449786e+000	945
6.350764e+000	946
6.282585e+000	947
6.244937e+000	948
6.186378e+000	949
6.088746e+000	950
6.056951e+000	951
6.050336e+000	952
6.008355e+000	953
5.990394e+000	954
5.950675e+000	955
5.928181e+000	956
5.899646e+000	957
5.874609e+000	959
5.825073e+000	960
5.796062e+000	961
5.764186e+000	962
5.736603e+000	964
5.712142e+000	965
5.709095e+000	966
5.698280e+000	967
5.660728e+000	968
5.623239e+000	969
5.614768e+000	971
5.613420e+000	972
5.595675e+000	973
5.507858e+000	974
5.484138e+000	975
5.435256e+000	976
5.409993e+000	977
5.378088e+000	979
5.357528e+000	981
5.349608e+000	982
5.292083e+000	983
5.238727e+000	984
5.210517e+000	985
5.185980e+000	986
5.123436e+000	987
5.094521e+000	988
5.021115e+000	989
5.015622e+000	990
4.949544e+000	991
4.901984e+000	992
4.845700e+000	993
4.785849e+000	994
4.752223e+000	995
4.745788e+000	996
4.681161e+000	997
4.661763e+000	998
4.633049e+000	999
4.623261e+000	1000
4.603415e+000	1001
4.581780e+000	1002
4.563964e+000	1003
4.548783e+000	1004
4.523638e+000	1005
4.506464e+000	1006
4.483792e+000	1007
4.454114e+000	1008
4.428292e+000	1009
4.384390e+000	1010
4.373044e+000	1011
4.371272e+000	1012
4.356959e+000	1013
4.346909e+000	1014
4.342032e+000	1016
4.322857e+000	1019
4.320912e+000	1020
4.309277e+000	1021
4.307961e+000	1022
4.305562e+000	1023
4.304477e+000	1029
4.299926e+000	1035
4.281662e+000	1036
4.271586e+000	1038
4.265911e+000	1041
4.262488e+000	1042
4.261407e+000	1043
4.250582e+000	1044
4.232735e+000	1045
4.232113e+000	1061
4.228843e+000	1062
4.210896e+000	1063
4.203921e+000	1064
4.194407e+000	1070
4.187046e+000	1071
4.177912e+000	1073
4.176974e+000	1077
4.176486e+000	1078
4.176141e+000	1079
4.166130e+000	1080
4.159039e+000	1081
4.152617e+000	1083
4.144332e+000	1084
4.127069e+000	1085
4.094837e+000	1086
4.092566e+000	1088
4.090013e+000	1093
4.082485e+000	1095
4.066133e+000	1109
4.058109e+000	1117
4.053530e+000	1120
4.042286e+000	1121
4.035635e+000	1122
4.027057e+000	1124
4.023046e+000	1125
4.011185e+000	1126
4.007257e+000	1127
4.001258e+000	1128
3.987754e+000	1129
3.976465e+000	1132
3.969007e+000	1134
3.961609e+000	1136
3.959496e+000	1138
3.932186e+000	1139
3.916288e+000	1143
3.911781e+000	1146
3.906220e+000	1149
3.899432e+000	1152
3.886610e+000	1153
3.869649e+000	1155
3.867336e+000	1157
3.855362e+000	1158
3.851455e+000	1166
3.850312e+000	1167
3.835752e+000	1171
3.831298e+000	1174
3.821551e+000	1175
3.821342e+000	1180
3.813471e+000	1181
3.813097e+000	1183
3.810148e+000	1189
3.808616e+000	1190
3.796546e+000	1191
3.783816e+000	1193
3.779059e+000	1197
3.769988e+000	1199
3.762802e+000	1203
3.761817e+000	1215
3.758631e+000	1217
3.757727e+000	1218
3.748679e+000	1219
3.738828e+000	1220
3.737463e+000	1222
3.731497e+000	1233
3.720244e+000	1234
3.707786e+000	1236
3.702426e+000	1240
3.691417e+000	1241
3.681533e+000	1250
3.676784e+000	1253
3.675854e+000	1254
3.672916e+000	1256
3.666536e+000	1261
3.666322e+000	1263
3.663523e+000	1265
3.654393e+000	1267
3.646772e+000	1271
3.645606e+000	1274
3.641047e+000	1275
3.621197e+000	1277
3.614033e+000	1279
3.613313e+000	1281
3.602486e+000	1286
3.602176e+000	1288
3.581873e+000	1289
3.579447e+000	1290
3.579194e+000	1294
3.578302e+000	1297
3.575603e+000	1298
3.570196e+000	1300
3.567783e+000	1301
3.566111e+000	1303
3.546500e+000	1305
3.535004e+000	1306
3.531361e+000	1308
3.524602e+000	1327
3.517177e+000	1328
3.506174e+000	1331
3.498287e+000	1340
3.476728e+000	1342
3.476044e+000	1344
3.464289e+000	1345
3.459012e+000	1350
3.451603e+000	1353
3.449356e+000	1357
3.441073e+000	1359
3.419924e+000	1365
3.418727e+000	1394
3.414422e+000	1395
3.402485e+000	1396
3.401392e+000	1397
3.400477e+000	1404
3.391741e+000	1408
3.386035e+000	1414
3.379318e+000	1420
3.370565e+000	1428
3.363455e+000	1432
3.360390e+000	1439
3.356798e+000	1447
3.351824e+000	1448
3.339024e+000	1449
3.338764e+000	1450
3.308694e+000	1451
3.295995e+000	1456
3.291444e+000	1458
3.289325e+000	1459
3.286678e+000	1465
3.280445e+000	1471
3.269970e+000	1472
3.255935e+000	1473
3.245052e+000	1474
3.233242e+000	1480
3.229966e+000	1481
3.226091e+000	1483
3.224066e+000	1487
3.213890e+000	1488
3.187709e+000	1489
3.181172e+000	1494
3.179743e+000	1495
3.170783e+000	1498
3.168213e+000	1499
3.168193e+000	1500
3.160233e+000	1501
3.150993e+000	1502
3.139675e+000	1505
3.138850e+000	1506
3.134986e+000	1509
3.128910e+000	1510
3.123952e+000	1526
3.115046e+000	1528
3.091929e+000	1530
3.091252e+000	1535
3.081419e+000	1544
3.073870e+000	1546
3.063687e+000	1548
3.061823e+000	1552
3.056873e+000	1554
3.055478e+000	1558
3.047220e+000	1560
3.046076e+000	1561
3.037039e+000	1566
3.036236e+000	1567
3.032149e+000	1568
3.020876e+000	1571
3.002882e+000	1574
2.995167e+000	1578
2.991048e+000	1580
2.985430e+000	1587
2.984594e+000	1602
2.970845e+000	1603
2.969653e+000	1610
2.967098e+000	1612
2.962169e+000	1616
2.959298e+000	1617
2.942034e+000	1618
2.935151e+000	1621
2.923544e+000	1624
2.923110e+000	1625
2.922673e+000	1627
2.919981e+000	1632
2.918993e+000	1634
2.917769e+000	1636
2.915351e+000	1641
2.914541e+000	1646
2.908059e+000	1647
2.905418e+000	1656
2.900808e+000	1659
2.896465e+000	1661
2.889338e+000	1663
2.883492e+000	1668
2.870486e+000	1669
2.867748e+000	1670
2.863791e+000	1671
2.856554e+000	1673
2.852203e+000	1675
2.849668e+000	1682
2.846323e+000	1683
2.843689e+000	1684
2.831144e+000	1686
2.826192e+000	1692
2.825056e+000	1693
2.824416e+000	1696
2.821740e+000	1697
2.815787e+000	1698
2.813029e+000	1702
2.807243e+000	1709
2.799206e+000	1710
2.793276e+000	1711
2.784320e+000	1714
2.781297e+000	1718
2.760219e+000	1720
2.757231e+000	1725
2.748503e+000	1731
2.731472e+000	1734
2.731408e+000	1738
2.729025e+000	1740
2.728814e+000	1746
2.720747e+000	1749
2.718379e+000	1751
2.703076e+000	1752
2.694653e+000	1753
2.690273e+000	1754
2.683561e+000	1758
2.674218e+000	1759
2.673732e+000	1761
2.662528e+000	1771
2.661232e+000	1773
2.657982e+000	1774
2.656412e+000	1777
2.649306e+000	1778
2.640086e+000	1779
2.633587e+000	1780
2.605995e+000	1781
2.604404e+000	1783
2.599674e+000	1790
2.591286e+000	1791
2.587799e+000	1792
2.584446e+000	1793
2.565956e+000	1794
2.562509e+000	1795
2.561411e+000	1797
2.550276e+000	1798
2.528845e+000	1800
2.526247e+000	1801
2.508686e+000	1802
2.501750e+000	1803
2.499235e+000	1806
2.496881e+000	1807
2.482772e+000	1808
2.478878e+000	1812
2.462821e+000	1813
2.452772e+000	1817
2.439187e+000	1819
2.435682e+000	1825
2.434423e+000	1826
2.431822e+000	1827
2.427742e+000	1830
2.424471e+000	1833
2.422038e+000	1834
2.410208e+000	1835
2.405894e+000	1836
2.395634e+000	1845
2.393927e+000	1847
2.384126e+000	1848
2.369006e+000	1850
2.367850e+000	1852
2.363103e+000	1856
2.360985e+000	1857
2.360220e+000	1859
2.353417e+000	1860
2.346137e+000	1863
2.339956e+000	1866
2.333439e+000	1867
2.322127e+000	1868
2.308873e+000	1869
2.305642e+000	1870
2.299584e+000	1874
2.297776e+000	1875
2.290502e+000	1876
2.281649e+000	1877
2.273373e+000	1881
2.271384e+000	1885
2.270096e+000	1886
2.265294e+000	1888
2.262299e+000	1889
2.257513e+000	1893
2.246982e+000	1902
2.231172e+000	1907
2.212544e+000	1909
2.210639e+000	1912
2.204352e+000	1915
2.196377e+000	1919
2.195079e+000	1924
2.189974e+000	1929
2.187795e+000	1931
2.180512e+000	1932
2.180014e+000	1937
2.179134e+000	1945
2.172352e+000	1946
2.172230e+000	1949
2.169135e+000	1959
2.166321e+000	2018
2.163478e+000	2019
2.161287e+000	2021
2.158247e+000	2023
2.142638e+000	2024
2.131920e+000	2027
2.131273e+000	2040
2.128917e+000	2041
2.126444e+000	2043
2.124732e+000	2046
2.122638e+000	2050
2.117150e+000	2052
2.107893e+000	2053
2.107634e+000	2061
2.100414e+000	2076
2.093591e+000	2077
2.091078e+000	2079
2.062608e+000	2082
2.058558e+000	2090
2.057458e+000	2091
2.056439e+000	2092
2.049237e+000	2094
2.041549e+000	2095
2.038471e+000	2101
2.036142e+000	2103
2.035103e+000	2113
2.033224e+000	2118
2.029985e+000	2119
2.028741e+000	2123
2.022186e+000	2124
2.016439e+000	2127
2.015468e+000	2129
2.004591e+000	2130
2.003923e+000	2131
1.967125e+000	2132
1.966254e+000	2143
1.960595e+000	2144
1.956406e+000	2147
1.948002e+000	2151
1.947996e+000	2153
1.944994e+000	2154
1.941509e+000	2157
1.936285e+000	2158
1.932269e+000	2159
1.925758e+000	2160
1.923740e+000	2161
1.922704e+000	2165
1.913720e+000	2166
1.897954e+000	2167
1.891923e+000	2168
1.883939e+000	2171
1.879121e+000	2172
1.867690e+000	2173
1.849613e+000	2174
1.849272e+000	2176
1.845340e+000	2177
1.845043e+000	2178
1.824462e+000	2179
1.822752e+000	2181
1.819646e+000	2184
1.804617e+000	2185
1.802125e+000	2187
1.785055e+000	2188
1.778931e+000	2189
1.774843e+000	2195
1.769508e+000	2198
1.755554e+000	2201
1.735080e+000	2202
1.727361e+000	2209
1.722459e+000	2210
1.721234e+000	2213
1.718407e+000	2217
1.711046e+000	2218
1.710498e+000	2226
1.706328e+000	2237
1.696311e+000	2246
1.690521e+000	2250
1.689419e+000	2251
1.689018e+000	2265
1.686923e+000	2267
1.679216e+000	2270
1.655467e+000	2272
1.654077e+000	2283
1.653117e+000	2284
1.652974e+000	2307
1.637902e+000	2311
1.633679e+000	2313
1.624034e+000	2319
1.622267e+000	2323
1.616652e+000	2339
1.605094e+000	2340
1.592007e+000	2342
1.586607e+000	2350
1.576930e+000	2362
1.558939e+000	2367
1.553366e+000	2393
1.542140e+000	2394
1.536115e+000	2399
1.532271e+000	2401
1.528999e+000	2407
1.510878e+000	2412
1.508991e+000	2415
1.506491e+000	2425
1.504683e+000	2435
1.495010e+000	2452
1.481977e+000	2453
1.472031e+000	2454
1.467950e+000	2458
1.462664e+000	2467
1.453380e+000	2468
1.450951e+000	2481
1.450383e+000	2485
1.448972e+000	2487
1.443064e+000	2488
1.442362e+000	2492
1.441365e+000	2497
1.430777e+000	2500
1.419384e+000	2505
1.415575e+000	2518
1.415274e+000	2524
1.414758e+000	2525
1.401939e+000	2526
1.396451e+000	2528
1.392452e+000	2538
1.389241e+000	2539
1.383494e+000	2540
1.382042e+000	2544
1.381967e+000	2551
1.376020e+000	2555
1.368824e+000	2556
1.365268e+000	2560
1.350464e+000	2563
1.336319e+000	2571
1.327337e+000	2577
1.315460e+000	2581
1.313432e+000	2585
1.305303e+000	2587
1.296108e+000	2590
1.295214e+000	2595
1.276816e+000	2597
1.276662e+000	2602
1.272844e+000	2613
1.265777e+000	2618
1.257975e+000	2622
1.252067e+000	2624
1.248882e+000	2629
1.248472e+000	2634
1.245497e+000	2637
1.245451e+000	2642
1.243435e+000	2648
1.231347e+000	2651
1.209798e+000	2659
1.208211e+000	2677
1.207557e+000	2688
1.189891e+000	2689
1.182199e+000	2695
1.179721e+000	2708
1.168597e+000	2711
1.167064e+000	2736
1.165165e+000	2744
1.161841e+000	2751
1.158810e+000	2755
1.156386e+000	2768
1.154411e+000	2771
1.146233e+000	2773
1.141833e+000	2775
1.141079e+000	2776
1.130786e+000	2777
1.129543e+000	2778
1.120501e+000	2781
1.109633e+000	2782
1.106911e+000	2785
1.099790e+000	2786
1.080268e+000	2789
1.075689e+000	2794
1.075404e+000	2798
1.065396e+000	2799
1.062505e+000	2803
1.062177e+000	2806
1.050910e+000	2808
1.049640e+000	2809
1.036723e+000	2810
1.017304e+000	2813
1.014481e+000	2815
1.011961e+000	2816
1.010476e+000	2817
9.894652e-001	2818
9.867496e-001	2823
9.756827e-001	2824
9.632707e-001	2825
9.450347e-001	2836
9.278630e-001	2837
9.260882e-001	2839
9.211312e-001	2841
9.193298e-001	2847
9.192694e-001	2851
9.163460e-001	2852
9.010045e-001	2854
8.880132e-001	2859
8.835874e-001	2864
8.808782e-001	2866
8.766162e-001	2867
8.754929e-001	2873
8.634683e-001	2875
8.578042e-001	2878
8.493887e-001	2881
8.418806e-001	2885
8.372707e-001	2889
8.369855e-001	2892
8.317133e-001	2896
8.278105e-001	2897
8.215234e-001	2898
8.155544e-001	2899
8.036211e-001	2904
8.027766e-001	2907
8.024701e-001	2913
7.993244e-001	2914
7.975702e-001	2916
7.826068e-001	2918
7.649477e-001	2920
7.640751e-001	2923
7.550824e-001	2931
7.469501e-001	2935
7.460607e-001	2938
7.355697e-001	2944
7.354629e-001	2985
7.326030e-001	2998
7.325183e-001	3001
7.307165e-001	3006
7.291055e-001	3008
7.056335e-001	3009
7.053564e-001	3011
7.051538e-001	3013
7.020549e-001	3014
7.011806e-001	3015
6.836835e-001	3018
6.767094e-001	3025
6.693032e-001	3032
6.559744e-001	3037
6.552805e-001	3039
6.538811e-001	3040
6.488581e-001	3042
6.407784e-001	3043
6.402322e-001	3044
6.377187e-001	3047
6.368737e-001	3049
6.345167e-001	3051
6.310931e-001	3053
6.200262e-001	3059
6.151341e-001	3064
6.098146e-001	3065
6.014890e-001	3067
6.003354e-001	3068
5.960107e-001	3069
5.940745e-001	3072
5.883852e-001	3073
5.868650e-001	3074
5.833805e-001	3082
5.785224e-001	3084
5.780626e-001	3089
5.669851e-001	3096
5.643684e-001	3099
5.582621e-001	3102
5.570064e-001	3114
5.519701e-001	3121
5.512924e-001	3123
5.413740e-001	3124
5.345321e-001	3125
5.344594e-001	3127
5.339761e-001	3128
5.310380e-001	3130
5.177552e-001	3133
4.920913e-001	3135
4.910281e-001	3137
4.906508e-001	3139
4.881185e-001	3144
4.850307e-001	3149
4.736370e-001	3163
4.719824e-001	3166
4.702932e-001	3171
4.579967e-001	3175
4.513081e-001	3199
4.498928e-001	3201
4.474779e-001	3205
4.454664e-001	3206
4.422808e-001	3207
4.332090e-001	3208
4.149593e-001	3211
4.130352e-001	3241
4.121631e-001	3242
3.981272e-001	3244
3.957896e-001	3251
3.894720e-001	3256
3.893266e-001	3258
3.859998e-001	3260
3.812034e-001	3263
3.811722e-001	3265
3.706506e-001	3266
3.692894e-001	3268
3.624004e-001	3270
3.599440e-001	3271
3.584613e-001	3272
3.491673e-001	3273
3.377594e-001	3274
3.267651e-001	3281
3.145368e-001	3282
3.040331e-001	3286
2.979884e-001	3289
2.954970e-001	3291
2.880048e-001	3293
2.878549e-001	3334
2.829532e-001	3338
2.783599e-001	3349
2.525345e-001	3356
2.490475e-001	3361
2.403253e-001	3364
2.320377e-001	3388
2.139308e-001	3391
2.124146e-001	3417
2.122974e-001	3418
1.982623e-001	3429
1.906992e-001	3436
1.853700e-001	3449
1.816286e-001	3457
1.642790e-001	3475
1.615527e-001	3492
1.605428e-001	3496
1.584047e-001	3500
1.574252e-001	3503
1.512510e-001	3508
1.349623e-001	3510
1.340878e-001	3515
1.259759e-001	3524
1.228923e-001	3532
1.224574e-001	3584
1.146220e-001	3621
1.092394e-001	3709
1.056476e-001	3871
1.055754e-001	4198
1.021672e-001	4655
1.008853e-001	5031
1.004183e-001	5230
9.835081e-002	5327
9.691116e-002	6035
9.557720e-002	6240
9.461161e-002	6314
9.356859e-002	6468
9.216142e-002	6857
8.920921e-002	8279
8.567056e-002	9733
7.645072e-002	14662
7.291427e-002	145960
7.111701e-002	211913
7.111701e-002	500000
